01058484076 890 1469 2359
13261999999 745 231 976
13341099905 203 466 669
13601029999 132 1512 1644
13621399649 196 3360 3556
13621399732 976 7661 8637
13621399979 132 15152 15284
13716179612 3992 738 4730
13716179787 7596 264	 7860
13716179966 9087 3673 12760
13800049725 1732 698 2430
13800049915 3394 329 3723
13800049962 1892 255 2147
13900999999 456 177 633
13901129937 663 1498 2161
13901129949 1929 180 2109
13901129979 28219 21031 49250
14701159999 5432 122 5554
15026889999 264 980 1244
15116949999 743 398 1141
15510759999 2008 2779 4787
15527194444 5493 189 5682
15910419999 3890 496 4386
18476943333 3215 164 3379
18674215555 4782 968 5750
18901009997 816 289 1105